Time/Ax/Ay/Az/Wx/Wy/Wz: 163.129451292 -0.7469909191131592 0.5171475410461426 9.519346237182617 -0.001065264455974102 0.004261057823896408 0.002130528911948204
Time/Ax/Ay/Az/Wx/Wy/Wz: 163.139777646 -0.7469909191131592 0.5554547905921936 9.557653427124023 0.00532632227987051 0.00532632227987051 0.003195793367922306
Time/Ax/Ay/Az/Wx/Wy/Wz: 163.148155719 -0.727837324142456 0.5554547905921936 9.461885452270508 0.00532632227987051 0.00532632227987051 0.004261057823896408
Time/Ax/Ay/Az/Wx/Wy/Wz: 163.164473636 -0.727837324142456 0.5554547905921936 9.481039047241211 0.001065264455974102 0.006391586735844612 0.001065264455974102
